%YAML:1.0
R: !!opencv-matrix
   rows: 3
   cols: 3
   dt: d
   data: [ 9.9943104017717499e-01, -1.2907104264640527e-02,
       3.1160914458208785e-02, 1.1486878910714444e-02,
       9.9890585628740514e-01, 4.5333672778812756e-02,
       -3.1711946380830851e-02, -4.4949938089251948e-02,
       9.9848578133216892e-01 ]
T: !!opencv-matrix
   rows: 3
   cols: 1
   dt: d
   data: [ -3.5188275983774049e+00, -9.4797275321524946e-02,
       -5.0263312418651694e-02 ]
R1: !!opencv-matrix
   rows: 3
   cols: 3
   dt: d
   data: [ 9.9882327485652533e-01, 1.3355159355692205e-02,
       4.6623012809879474e-02, -1.4392945033041034e-02,
       9.9965447634551208e-01, 2.1994796103982285e-02,
       -4.6313159449145519e-02, -2.2639956735028499e-02,
       9.9867037786292334e-01 ]
R2: !!opencv-matrix
   rows: 3
   cols: 3
   dt: d
   data: [ 9.9953542382270733e-01, 2.6927501310217466e-02,
       1.4277471651147323e-02, -2.6602022620468724e-02,
       9.9939248555810301e-01, -2.2516487348095679e-02,
       -1.4875110623492820e-02, 2.2126217100650516e-02,
       9.9964451761651441e-01 ]
P1: !!opencv-matrix
   rows: 3
   cols: 4
   dt: d
   data: [ 7.4656045601009384e+02, 0., 2.7255352020263672e+02, 0., 0.,
       7.4656045601009384e+02, 2.4080300903320313e+02, 0., 0., 0., 1.,
       0. ]
P2: !!opencv-matrix
   rows: 3
   cols: 4
   dt: d
   data: [ 7.4656045601009384e+02, 0., 3.0578546142578125e+02,
       -2.6282385534857312e+03, 0., 7.4656045601009384e+02,
       2.4080300903320313e+02, 0., 0., 0., 1., 0. ]
Q: !!opencv-matrix
   rows: 4
   cols: 4
   dt: d
   data: [ 1., 0., 0., -2.7255352020263672e+02, 0., 1., 0.,
       -2.4080300903320313e+02, 0., 0., 0., 7.4656045601009384e+02, 0.,
       0., 2.8405353654825571e-01, 9.4396504307979701e+00 ]
