%YAML:1.0
R: !!opencv-matrix
   rows: 3
   cols: 3
   dt: d
   data: [ 9.9970477973589589e-01, -1.4840391953552495e-02,
       1.9238402736945329e-02, 1.4640597089566661e-02,
       9.9983784787321217e-01, 1.0484792660061354e-02,
       -1.9390881621652572e-02, -1.0200035633684748e-02,
       9.9975994767894494e-01 ]
T: !!opencv-matrix
   rows: 3
   cols: 1
   dt: d
   data: [ -4.4971094610444160e+00, -4.1463672559293147e-02,
       -7.5694717606484815e-02 ]
R1: !!opencv-matrix
   rows: 3
   cols: 3
   dt: d
   data: [ 9.9932936231257996e-01, -5.7924340443130697e-03,
       3.6156234977862675e-02, 5.6091909695366558e-03,
       9.9997091667989912e-01, 5.1674724024067054e-03,
       -3.6185115677573924e-02, -4.9611996739346619e-03,
       9.9933278936558256e-01 ]
R2: !!opencv-matrix
   rows: 3
   cols: 3
   dt: d
   data: [ 9.9981589023584949e-01, 9.2183743916897376e-03,
       1.6828761257748816e-02, -9.1330114077759518e-03,
       9.9994507105073271e-01, -5.1422742022042616e-03,
       -1.6875240280396109e-02, 4.9876301907679516e-03,
       9.9984516291801839e-01 ]
P1: !!opencv-matrix
   rows: 3
   cols: 4
   dt: d
   data: [ -1.3020500456951344e+04, 0., 2.8971065521240234e+02, 0., 0.,
       -1.3020500456951344e+04, 4.3916204662322998e+03, 0., 0., 0., 1.,
       0. ]
P2: !!opencv-matrix
   rows: 3
   cols: 4
   dt: d
   data: [ -1.3020500456951344e+04, 0., 2.8938420166015625e+04,
       5.8565398254148975e+04, 0., -1.3020500456951344e+04,
       4.3916204662322998e+03, 0., 0., 0., 1., 0. ]
Q: !!opencv-matrix
   rows: 4
   cols: 4
   dt: d
   data: [ 1., 0., 0., -2.8971065521240234e+02, 0., 1., 0.,
       -4.3916204662322998e+03, 0., 0., 0., -1.3020500456951344e+04, 0.,
       0., 2.2232411705710423e-01, 6.3692990468147909e+03 ]
