%YAML:1.0
R: !!opencv-matrix
   rows: 3
   cols: 3
   dt: d
   data: [ 9.9916410319071192e-01, -1.7237318955535090e-02,
       3.7067097678742562e-02, 1.9507661150182085e-02,
       9.9789871527406049e-01, -6.1786772134731251e-02,
       -3.5924170854035979e-02, 6.2458217150385235e-02,
       9.9740083469929242e-01 ]
T: !!opencv-matrix
   rows: 3
   cols: 1
   dt: d
   data: [ -8.3401601694889553e+00, 1.9184808619035226e-01,
       8.6199047927110917e-02 ]
R1: !!opencv-matrix
   rows: 3
   cols: 3
   dt: d
   data: [ 9.9876912538417961e-01, -4.0824461759606273e-02,
       2.8170862630726927e-02, 4.1673720374938418e-02,
       9.9867328500567021e-01, -3.0248485021481357e-02,
       -2.6898609804826050e-02, 3.1385237581095113e-02,
       9.9914535061348608e-01 ]
R2: !!opencv-matrix
   rows: 3
   cols: 3
   dt: d
   data: [ 9.9968217384442148e-01, -2.2995614946611714e-02,
       -1.0332133899579590e-02, 2.3303211950106203e-02,
       9.9925670115306875e-01, 3.0708394837484412e-02,
       9.6182956130543857e-03, -3.0939406812568012e-02,
       9.9947498292632941e-01 ]
P1: !!opencv-matrix
   rows: 3
   cols: 4
   dt: d
   data: [ 9.6556636156091747e+02, 0., 2.8963460540771484e+02, 0., 0.,
       9.6556636156091747e+02, 2.4024921989440918e+02, 0., 0., 0., 1.,
       0. ]
P2: !!opencv-matrix
   rows: 3
   cols: 4
   dt: d
   data: [ 9.6556636156091747e+02, 0., 3.0468221282958984e+02,
       -8.0555383704801388e+03, 0., 9.6556636156091747e+02,
       2.4024921989440918e+02, 0., 0., 0., 1., 0. ]
Q: !!opencv-matrix
   rows: 4
   cols: 4
   dt: d
   data: [ 1., 0., 0., -2.8963460540771484e+02, 0., 1., 0.,
       -2.4024921989440918e+02, 0., 0., 0., 9.6556636156091747e+02, 0.,
       0., 1.1986366610818666e-01, 1.8036613917426965e+00 ]
