%YAML:1.0
R: !!opencv-matrix
   rows: 3
   cols: 3
   dt: d
   data: [ 9.9964123382016112e-01, 2.6131879717987513e-02,
       5.8760964007323535e-03, -2.6023651750502877e-02,
       9.9950290250963125e-01, -1.7796556531843505e-02,
       -6.3382328826428807e-03, 1.7637254242857246e-02,
       9.9982436160892685e-01 ]
T: !!opencv-matrix
   rows: 3
   cols: 1
   dt: d
   data: [ -2.7118625825523908e+00, -5.5515502051313316e-02,
       3.0096718550204925e-02 ]
R1: !!opencv-matrix
   rows: 3
   cols: 3
   dt: d
   data: [ 9.9890804705490988e-01, 4.6384743060089988e-02,
       -5.5829329384495287e-03, -4.6432935000415211e-02,
       9.9888232677555466e-01, -8.8362776496273016e-03,
       5.1668245754047815e-03, 9.0858608124668623e-03,
       9.9994537403655370e-01 ]
R2: !!opencv-matrix
   rows: 3
   cols: 3
   dt: d
   data: [ 9.9972898730510862e-01, 2.0465807155044202e-02,
       -1.1095164685330328e-02, -2.0365526437277057e-02,
       9.9975139472266816e-01, 9.0771186514566130e-03,
       1.1278176928680864e-02, -8.8486997673439920e-03,
       9.9989724633963895e-01 ]
P1: !!opencv-matrix
   rows: 3
   cols: 4
   dt: d
   data: [ 7.9885633371541883e+02, 0., 3.2429735565185547e+02, 0., 0.,
       7.9885633371541883e+02, 2.3571951484680176e+02, 0., 0., 0., 1.,
       0. ]
P2: !!opencv-matrix
   rows: 3
   cols: 4
   dt: d
   data: [ 7.9885633371541883e+02, 0., 3.3191422271728516e+02,
       -2.1669758782103486e+03, 0., 7.9885633371541883e+02,
       2.3571951484680176e+02, 0., 0., 0., 1., 0. ]
Q: !!opencv-matrix
   rows: 4
   cols: 4
   dt: d
   data: [ 1., 0., 0., -3.2429735565185547e+02, 0., 1., 0.,
       -2.3571951484680176e+02, 0., 0., 0., 7.9885633371541883e+02, 0.,
       0., 3.6865031205385373e-01, 2.8079604205433757e+00 ]
