%YAML:1.0
R: !!opencv-matrix
   rows: 3
   cols: 3
   dt: d
   data: [ 9.9993146725870574e-01, 1.0225297585915319e-02,
       -5.7012345269505296e-03, -1.0161112613533115e-02,
       9.9988592208817983e-01, 1.1175625276713830e-02,
       5.8148582361839830e-03, -1.1116928494413428e-02,
       9.9992129756523496e-01 ]
T: !!opencv-matrix
   rows: 3
   cols: 1
   dt: d
   data: [ -8.5164765423893289e+00, 2.2335727745287934e-01,
       1.4867425319540826e+00 ]
R1: !!opencv-matrix
   rows: 3
   cols: 3
   dt: d
   data: [ 9.8396857094325918e-01, -1.3843440149577502e-02,
       -1.7780385417843220e-01, 1.4749338239382436e-02,
       9.9988409987785332e-01, 3.7741002842223469e-03,
       1.7773100015861165e-01, -6.3360852488063141e-03,
       9.8405871044686122e-01 ]
R2: !!opencv-matrix
   rows: 3
   cols: 3
   dt: d
   data: [ 9.8477328505706951e-01, -2.5827145623413515e-02,
       -1.7191432629904493e-01, 2.4950922868624176e-02,
       9.9966234343138494e-01, -7.2560714767582859e-03,
       1.7204368191221520e-01, 2.8561642492772269e-03,
       9.8508518100714004e-01 ]
P1: !!opencv-matrix
   rows: 3
   cols: 4
   dt: d
   data: [ 8.1819751229176359e+02, 0., 5.3636232757568359e+02, 0., 0.,
       8.1819751229176359e+02, 2.4142602920532227e+02, 0., 0., 0., 1.,
       0. ]
P2: !!opencv-matrix
   rows: 3
   cols: 4
   dt: d
   data: [ 8.1819751229176359e+02, 0., 5.2486713218688965e+02,
       -7.0759026734466006e+03, 0., 8.1819751229176359e+02,
       2.4142602920532227e+02, 0., 0., 0., 1., 0. ]
Q: !!opencv-matrix
   rows: 4
   cols: 4
   dt: d
   data: [ 1., 0., 0., -5.3636232757568359e+02, 0., 1., 0.,
       -2.4142602920532227e+02, 0., 0., 0., 8.1819751229176359e+02, 0.,
       0., 1.1563153848372931e-01, -1.3292071279773148e+00 ]
