%YAML:1.0
R: !!opencv-matrix
   rows: 3
   cols: 3
   dt: d
   data: [ 9.9968026722840198e-01, 5.1527147562138069e-03,
       2.4755056953924989e-02, -5.0886175224594604e-03,
       9.9998353747733759e-01, -2.6515553964242518e-03,
       -2.4768312131856946e-02, 2.5247385906831043e-03,
       9.9969003016394420e-01 ]
T: !!opencv-matrix
   rows: 3
   cols: 1
   dt: d
   data: [ -3.6763416855653626e+00, -1.5016957452738514e-02,
       1.2254956356645200e-01 ]
R1: !!opencv-matrix
   rows: 3
   cols: 3
   dt: d
   data: [ 9.9992138567229139e-01, 9.1480843426684621e-03,
       -8.5752567345879650e-03, -9.1597543036346183e-03,
       9.9995717389577188e-01, -1.3226017837342132e-03,
       8.5627902170798999e-03, 1.4010450530635805e-03,
       9.9996235713973636e-01 ]
R2: !!opencv-matrix
   rows: 3
   cols: 3
   dt: d
   data: [ 9.9943653453659453e-01, 4.0824540261794424e-03,
       -3.3315867129741161e-02, -4.0370726269734975e-03,
       9.9999082951628304e-01, 1.4293103025322311e-03,
       3.3321396700723364e-02, -1.2940063603068925e-03,
       9.9944385038352834e-01 ]
P1: !!opencv-matrix
   rows: 3
   cols: 4
   dt: d
   data: [ 9.5918228770607936e+02, 0., 3.2525898742675781e+02, 0., 0.,
       9.5918228770607936e+02, 2.4164962577819824e+02, 0., 0., 0., 1.,
       0. ]
P2: !!opencv-matrix
   rows: 3
   cols: 4
   dt: d
   data: [ 9.5918228770607936e+02, 0., 3.4907736587524414e+02,
       -3.5282698865764673e+03, 0., 9.5918228770607936e+02,
       2.4164962577819824e+02, 0., 0., 0., 1., 0. ]
Q: !!opencv-matrix
   rows: 4
   cols: 4
   dt: d
   data: [ 1., 0., 0., -3.2525898742675781e+02, 0., 1., 0.,
       -2.4164962577819824e+02, 0., 0., 0., 9.5918228770607936e+02, 0.,
       0., 2.7185626908966087e-01, 6.4751755007710781e+00 ]
