%YAML:1.0
R: !!opencv-matrix
   rows: 3
   cols: 3
   dt: d
   data: [ 9.9959022296653111e-01, -1.1690366104251042e-02,
       2.6128939704266559e-02, 1.0324467194332467e-02,
       9.9860346404991884e-01, 5.1812420949571017e-02,
       -2.6698155870280099e-02, -5.1521422028618064e-02,
       9.9831495608614185e-01 ]
T: !!opencv-matrix
   rows: 3
   cols: 1
   dt: d
   data: [ -3.4707962612235370e+00, -1.3151123923978343e-03,
       -3.4056391233111986e-02 ]
R1: !!opencv-matrix
   rows: 3
   cols: 3
   dt: d
   data: [ 9.9928398903777149e-01, -1.1816959699906027e-02,
       3.5942575258459564e-02, 1.0884921377632917e-02,
       9.9960222813540200e-01, 2.6017378679305172e-02,
       -3.6235724628631102e-02, -2.5607517845164345e-02,
       9.9901512865944508e-01 ]
R2: !!opencv-matrix
   rows: 3
   cols: 3
   dt: d
   data: [ 9.9995179137602597e-01, 3.7888971108027624e-04,
       9.8117973105611017e-03, -1.2544849991166031e-04,
       9.9966665207784244e-01, -2.5817997330378064e-02,
       -9.8183087418641807e-03, 2.5815521804998964e-02,
       9.9961850705525912e-01 ]
P1: !!opencv-matrix
   rows: 3
   cols: 4
   dt: d
   data: [ 8.0872854510817581e+02, 0., 2.8055076599121094e+02, 0., 0.,
       8.0872854510817581e+02, 2.4037113952636719e+02, 0., 0., 0., 1.,
       0. ]
P2: !!opencv-matrix
   rows: 3
   cols: 4
   dt: d
   data: [ 8.0872854510817581e+02, 0., 3.0930500030517578e+02,
       -2.8070673355598569e+03, 0., 8.0872854510817581e+02,
       2.4037113952636719e+02, 0., 0., 0., 1., 0. ]
Q: !!opencv-matrix
   rows: 4
   cols: 4
   dt: d
   data: [ 1., 0., 0., -2.8055076599121094e+02, 0., 1., 0.,
       -2.4037113952636719e+02, 0., 0., 0., 8.0872854510817581e+02, 0.,
       0., 2.8810443371387046e-01, 8.2842223939007837e+00 ]
