%YAML:1.0
R: !!opencv-matrix
   rows: 3
   cols: 3
   dt: d
   data: [ 9.9998999191735238e-01, -3.9907251200616061e-03,
       2.0224188857747936e-03, 4.0139393122423555e-03,
       9.9992457546855840e-01, -1.1607397004536784e-02,
       -1.9759444149734171e-03, 1.1615398703419674e-02,
       9.9993058666920953e-01 ]
T: !!opencv-matrix
   rows: 3
   cols: 1
   dt: d
   data: [ 7.2694298157604385e+00, 7.3889653355498308e-01,
       -8.7609909630362512e+00 ]
R1: !!opencv-matrix
   rows: 3
   cols: 3
   dt: d
   data: [ 6.3898562563121852e-01, 5.3301272449051432e-02,
       -7.6736975741293878e-01, -5.7062803486509030e-02,
       9.9813224857407357e-01, 2.1814005013393978e-02,
       7.6709921567874162e-01, 2.9849434027738521e-02,
       6.4083367935314017e-01 ]
R2: !!opencv-matrix
   rows: 3
   cols: 3
   dt: d
   data: [ 6.3721457679361093e-01, 6.4769267171781886e-02,
       -7.6795997626944712e-01, -6.1001386779064866e-02,
       9.9757471447027823e-01, 3.3518947784412514e-02,
       7.6826845173596081e-01, 2.5487861416242437e-02,
       6.3962016461932802e-01 ]
P1: !!opencv-matrix
   rows: 3
   cols: 4
   dt: d
   data: [ -1.2479389117388725e+03, 0., 8.5153896484375000e+03, 0., 0.,
       -1.2479389117388725e+03, -2.1296084403991699e+01, 0., 0., 0., 1.,
       0. ]
P2: !!opencv-matrix
   rows: 3
   cols: 4
   dt: d
   data: [ -1.2479389117388725e+03, 0., 8.4880925292968750e+03,
       -1.4236655380500628e+04, 0., -1.2479389117388725e+03,
       -2.1296084403991699e+01, 0., 0., 0., 1., 0. ]
Q: !!opencv-matrix
   rows: 4
   cols: 4
   dt: d
   data: [ 1., 0., 0., -8.5153896484375000e+03, 0., 1., 0.,
       2.1296084403991699e+01, 0., 0., 0., -1.2479389117388725e+03, 0.,
       0., -8.7656747907807336e-02, 2.3927766911191481e+00 ]
