%YAML:1.0
R: !!opencv-matrix
   rows: 3
   cols: 3
   dt: d
   data: [ 9.9722070137679741e-01, 4.3484040474686307e-03,
       7.4377174776999025e-02, -4.7453758662755361e-03,
       9.9997542040920340e-01, 5.1613937385802545e-03,
       -7.4352902791054984e-02, -5.4999963342573406e-03,
       9.9721682491164731e-01 ]
T: !!opencv-matrix
   rows: 3
   cols: 1
   dt: d
   data: [ 3.8390985427978781e+00, -2.7796319285805821e-01,
       -4.9535645453112481e-01 ]
R1: !!opencv-matrix
   rows: 3
   cols: 3
   dt: d
   data: [ 9.9631198861825276e-01, -6.6618184865691016e-02,
       -5.4078080409193673e-02, 6.6825927897213866e-02,
       9.9776256295186161e-01, 2.0404245658391762e-03,
       5.3821154727662378e-02, -5.6467173590612754e-03,
       9.9853462528189163e-01 ]
R2: !!opencv-matrix
   rows: 3
   cols: 3
   dt: d
   data: [ 9.8923108245710178e-01, -7.1623540549655793e-02,
       -1.2763986030971086e-01, 7.1130634469520088e-02,
       9.9743145564544522e-01, -8.4216464525399600e-03,
       1.2791519980328458e-01, -7.4814981111353271e-04,
       9.9178482642715693e-01 ]
P1: !!opencv-matrix
   rows: 3
   cols: 4
   dt: d
   data: [ 8.3774372795354543e+02, 0., 3.8113148498535156e+02, 0., 0.,
       8.3774372795354543e+02, 2.4527752304077148e+02, 0., 0., 0., 1.,
       0. ]
P2: !!opencv-matrix
   rows: 3
   cols: 4
   dt: d
   data: [ 8.3774372795354543e+02, 0., 4.3776843261718750e+02,
       3.2511925497084130e+03, 0., 8.3774372795354543e+02,
       2.4527752304077148e+02, 0., 0., 0., 1., 0. ]
Q: !!opencv-matrix
   rows: 4
   cols: 4
   dt: d
   data: [ 1., 0., 0., -3.8113148498535156e+02, 0., 1., 0.,
       -2.4527752304077148e+02, 0., 0., 0., 8.3774372795354543e+02, 0.,
       0., -2.5767275088910974e-01, -1.4593798098257613e+01 ]
