%YAML:1.0
R: !!opencv-matrix
   rows: 3
   cols: 3
   dt: d
   data: [ 9.9965024489493615e-01, -1.3024340834894817e-02,
       2.3016394750496067e-02, 1.3630798442669173e-02,
       9.9955874767315633e-01, -2.6391500220461748e-02,
       -2.2662506818741369e-02, 2.6696001496250264e-02,
       9.9938667906311551e-01 ]
T: !!opencv-matrix
   rows: 3
   cols: 1
   dt: d
   data: [ -3.3823126331233633e+00, -4.9846104397760729e-02,
       6.4102284962409203e-02 ]
R1: !!opencv-matrix
   rows: 3
   cols: 3
   dt: d
   data: [ 9.9999248719136979e-01, 1.2001471267825965e-03,
       3.6858116734365684e-03, -1.1510425979604465e-03,
       9.9991094270568892e-01, -1.3295930142652356e-02,
       -3.7014404973801712e-03, 1.3291587726629467e-02,
       9.9990481198659575e-01 ]
R2: !!opencv-matrix
   rows: 3
   cols: 3
   dt: d
   data: [ 9.9971193768516975e-01, 1.4733039496566026e-02,
       -1.8946746342202385e-02, -1.4479845314012666e-02,
       9.9980493958922290e-01, 1.3431934062990083e-02,
       1.9140943797143317e-02, -1.3153718872732305e-02,
       9.9973026559686162e-01 ]
P1: !!opencv-matrix
   rows: 3
   cols: 4
   dt: d
   data: [ 2.7424871849616983e+02, 0., 3.1278364562988281e+02, 0., 0.,
       2.7424871849616983e+02, 3.0925224876403809e+02, 0., 0., 0., 1.,
       0. ]
P2: !!opencv-matrix
   rows: 3
   cols: 4
   dt: d
   data: [ 2.7424871849616983e+02, 0., 1.4552129364013672e+02,
       -9.2786218731700990e+02, 0., 2.7424871849616983e+02,
       3.0925224876403809e+02, 0., 0., 0., 1., 0. ]
Q: !!opencv-matrix
   rows: 4
   cols: 4
   dt: d
   data: [ 1., 0., 0., -3.1278364562988281e+02, 0., 1., 0.,
       -3.0925224876403809e+02, 0., 0., 0., 2.7424871849616983e+02, 0.,
       0., 2.9557053002578171e-01, -4.9437822030968121e+01 ]
