%YAML:1.0
M1: !!opencv-matrix
   rows: 3
   cols: 3
   dt: d
   data: [ 1.0015002657562320e+03, 0., 3.1686581521644786e+02, 0.,
       9.9952977530575890e+02, 2.4227238528558212e+02, 0., 0., 1. ]
D1: !!opencv-matrix
   rows: 1
   cols: 14
   dt: d
   data: [ 5.7606450543689354e-02, 5.9782803691578152e+00, 0., 0., 0.,
       0., 0., 4.2746102906633084e+01, 0., 0., 0., 0., 0., 0. ]
M2: !!opencv-matrix
   rows: 3
   cols: 3
   dt: d
   data: [ 1.0015002657562320e+03, 0., 3.2706076979211957e+02, 0.,
       9.9952977530575890e+02, 2.3045898241972864e+02, 0., 0., 1. ]
D2: !!opencv-matrix
   rows: 1
   cols: 14
   dt: d
   data: [ 2.9851537071753431e-01, -6.4436633622433366e+00, 0., 0., 0.,
       0., 0., -9.4391732239480106e+01, 0., 0., 0., 0., 0., 0. ]
