%YAML:1.0
M1: !!opencv-matrix
   rows: 3
   cols: 3
   dt: d
   data: [ 9.8204997213858326e+02, 0., 3.2520817601805345e+02, 0.,
       9.7910373887619664e+02, 2.3740829348194993e+02, 0., 0., 1. ]
D1: !!opencv-matrix
   rows: 1
   cols: 14
   dt: d
   data: [ -2.2735570911956032e-01, 3.8329579670347123e+00, 0., 0., 0.,
       0., 0., 1.0965260672600300e+01, 0., 0., 0., 0., 0., 0. ]
M2: !!opencv-matrix
   rows: 3
   cols: 3
   dt: d
   data: [ 9.8204997213858326e+02, 0., 3.0465295881748284e+02, 0.,
       9.7910373887619664e+02, 2.4680930675096010e+02, 0., 0., 1. ]
D2: !!opencv-matrix
   rows: 1
   cols: 14
   dt: d
   data: [ 2.7680898515434867e-02, 2.5278825070621158e+00, 0., 0., 0.,
       0., 0., 1.4266774226302866e+01, 0., 0., 0., 0., 0., 0. ]
