%YAML:1.0
M1: !!opencv-matrix
   rows: 3
   cols: 3
   dt: d
   data: [ 9.5400280972076314e+02, 0., 3.1857483925279320e+02, 0.,
       9.4932841068735945e+02, 2.3763810804215865e+02, 0., 0., 1. ]
D1: !!opencv-matrix
   rows: 1
   cols: 14
   dt: d
   data: [ -3.8523031648945535e-02, 1.8028493850470182e+00, 0., 0., 0.,
       0., 0., 1.2008904762471385e+01, 0., 0., 0., 0., 0., 0. ]
M2: !!opencv-matrix
   rows: 3
   cols: 3
   dt: d
   data: [ 9.5400280972076314e+02, 0., 3.1957267831337600e+02, 0.,
       9.4932841068735945e+02, 2.4379263389307386e+02, 0., 0., 1. ]
D2: !!opencv-matrix
   rows: 1
   cols: 14
   dt: d
   data: [ 1.0568464780589544e-01, -4.5286000809363480e-01, 0., 0., 0.,
       0., 0., -1.8688011414798114e+00, 0., 0., 0., 0., 0., 0. ]
