%YAML:1.0
M1: !!opencv-matrix
   rows: 3
   cols: 3
   dt: d
   data: [ 8.3665300551571795e+02, 0., 3.1743931136605084e+02, 0.,
       8.3346369969163561e+02, 2.0924156957179426e+02, 0., 0., 1. ]
D1: !!opencv-matrix
   rows: 1
   cols: 14
   dt: d
   data: [ -1.4517910576743406e-01, 2.6160026110995691e+00, 0., 0., 0.,
       0., 0., 1.1307868312259032e+01, 0., 0., 0., 0., 0., 0. ]
M2: !!opencv-matrix
   rows: 3
   cols: 3
   dt: d
   data: [ 8.3665300551571795e+02, 0., 3.0208597515340819e+02, 0.,
       8.3346369969163561e+02, 2.6691534944079939e+02, 0., 0., 1. ]
D2: !!opencv-matrix
   rows: 1
   cols: 14
   dt: d
   data: [ -1.4623525128389550e-01, 2.0296024123659842e+00, 0., 0., 0.,
       0., 0., 1.2104626864850195e+01, 0., 0., 0., 0., 0., 0. ]
