%YAML:1.0
M1: !!opencv-matrix
   rows: 3
   cols: 3
   dt: d
   data: [ 9.0197639090027053e+02, 0., 3.2285637921494759e+02, 0.,
       8.9773871547401143e+02, 2.3610745676716760e+02, 0., 0., 1. ]
D1: !!opencv-matrix
   rows: 1
   cols: 14
   dt: d
   data: [ 1.9261046395531742e-01, 8.9956975520107241e-01, 0., 0., 0.,
       0., 0., 1.4148633264937059e+01, 0., 0., 0., 0., 0., 0. ]
M2: !!opencv-matrix
   rows: 3
   cols: 3
   dt: d
   data: [ 9.0197639090027053e+02, 0., 3.1918191274473628e+02, 0.,
       8.9773871547401143e+02, 2.0292373150077432e+02, 0., 0., 1. ]
D2: !!opencv-matrix
   rows: 1
   cols: 14
   dt: d
   data: [ -1.9736258909993115e-01, 1.1697465831310771e+01, 0., 0., 0.,
       0., 0., 8.3254562298594550e+01, 0., 0., 0., 0., 0., 0. ]
