%YAML:1.0
M1: !!opencv-matrix
   rows: 3
   cols: 3
   dt: d
   data: [ 1.0374389035970440e+04, 0., 3.2768851171044031e+02, 0.,
       6.8212995685364149e+03, 2.2452662943062944e+02, 0., 0., 1. ]
D1: !!opencv-matrix
   rows: 1
   cols: 14
   dt: d
   data: [ 2.0954360459437606e+01, 5.6100381619587369e-01, 0., 0., 0.,
       0., 0., 3.0458395063953945e-04, 0., 0., 0., 0., 0., 0. ]
M2: !!opencv-matrix
   rows: 3
   cols: 3
   dt: d
   data: [ 1.0374389035970440e+04, 0., 2.8865584286501689e+02, 0.,
       6.8212995685364149e+03, 2.9760026482032305e+02, 0., 0., 1. ]
D2: !!opencv-matrix
   rows: 1
   cols: 14
   dt: d
   data: [ 5.5659689658138314e+00, -3.0121214850656690e+00, 0., 0., 0.,
       0., 0., 9.5898497572569454e-04, 0., 0., 0., 0., 0., 0. ]
