%YAML:1.0
M1: !!opencv-matrix
   rows: 3
   cols: 3
   dt: d
   data: [ 9.1797701281083198e+02, 0., 3.1885239595148801e+02, 0.,
       9.1352472100627051e+02, 2.4209902701690186e+02, 0., 0., 1. ]
D1: !!opencv-matrix
   rows: 1
   cols: 14
   dt: d
   data: [ 1.7826044812299999e-01, 4.3901481532280118e-01, 0., 0., 0.,
       0., 0., 9.0637486096106041e+00, 0., 0., 0., 0., 0., 0. ]
M2: !!opencv-matrix
   rows: 3
   cols: 3
   dt: d
   data: [ 9.1797701281083198e+02, 0., 3.2068579127898619e+02, 0.,
       9.1352472100627051e+02, 2.3149831632657890e+02, 0., 0., 1. ]
D2: !!opencv-matrix
   rows: 1
   cols: 14
   dt: d
   data: [ -2.7102535498290553e-01, 7.2816466611425890e+00, 0., 0., 0.,
       0., 0., 3.4192112277331496e+01, 0., 0., 0., 0., 0., 0. ]
