%YAML:1.0
M1: !!opencv-matrix
   rows: 3
   cols: 3
   dt: d
   data: [ 8.5725686764095155e+02, 0., 3.1806355168595866e+02, 0.,
       8.5023410450530514e+02, 2.3641932482834699e+02, 0., 0., 1. ]
D1: !!opencv-matrix
   rows: 1
   cols: 14
   dt: d
   data: [ -4.2800624043542582e-02, 1.6274689924817400e+00, 0., 0., 0.,
       0., 0., 8.6966319361040423e+00, 0., 0., 0., 0., 0., 0. ]
M2: !!opencv-matrix
   rows: 3
   cols: 3
   dt: d
   data: [ 8.5725686764095155e+02, 0., 3.1926822307983247e+02, 0.,
       8.5023410450530514e+02, 2.4568523837005043e+02, 0., 0., 1. ]
D2: !!opencv-matrix
   rows: 1
   cols: 14
   dt: d
   data: [ 1.4329415338947746e-01, -1.0389384452871830e+00, 0., 0., 0.,
       0., 0., -3.9802622499226952e+00, 0., 0., 0., 0., 0., 0. ]
