%YAML:1.0
M1: !!opencv-matrix
   rows: 3
   cols: 3
   dt: d
   data: [ 1.1325941122283220e+03, 0., 3.2250121923890111e+02, 0.,
       1.1351308434851783e+03, 2.3408052857954758e+02, 0., 0., 1. ]
D1: !!opencv-matrix
   rows: 1
   cols: 14
   dt: d
   data: [ -3.2871378028045722e-01, 6.6759681305817358e+00, 0., 0., 0.,
       0., 0., 3.4542012209695542e+01, 0., 0., 0., 0., 0., 0. ]
M2: !!opencv-matrix
   rows: 3
   cols: 3
   dt: d
   data: [ 1.1325941122283220e+03, 0., 2.8989882209164642e+02, 0.,
       1.1351308434851783e+03, 2.4801204418474424e+02, 0., 0., 1. ]
D2: !!opencv-matrix
   rows: 1
   cols: 14
   dt: d
   data: [ -2.3950005996761524e-02, 4.3968079951762080e+00, 0., 0., 0.,
       0., 0., 1.7533149524556357e+01, 0., 0., 0., 0., 0., 0. ]
