%YAML:1.0
M1: !!opencv-matrix
   rows: 3
   cols: 3
   dt: d
   data: [ 1.0894762738289330e+03, 0., 3.1886929451932326e+02, 0.,
       1.0963013661878765e+03, 2.3918943190606566e+02, 0., 0., 1. ]
D1: !!opencv-matrix
   rows: 1
   cols: 14
   dt: d
   data: [ 2.2141843190758417e-01, -3.8812274886748455e+00, 0., 0., 0.,
       0., 0., -1.8381338836443217e-01, 0., 0., 0., 0., 0., 0. ]
M2: !!opencv-matrix
   rows: 3
   cols: 3
   dt: d
   data: [ 1.0894762738289330e+03, 0., 3.1259674649491984e+02, 0.,
       1.0963013661878765e+03, 2.4242925371209731e+02, 0., 0., 1. ]
D2: !!opencv-matrix
   rows: 1
   cols: 14
   dt: d
   data: [ 1.6105416780820434e+00, -1.8278401128960613e+01, 0., 0., 0.,
       0., 0., -1.9590607825905920e+02, 0., 0., 0., 0., 0., 0. ]
